#Current Time = 04/15/17 11:32:57

#LeftCamK
1809.383503 0.000000 803.984205
0.000000 1791.646793 783.773686
0.000000 0.000000 1.000000


#LeftCamDist
-0.431063 2.181937 0.001472 -0.008982 0.0

#RightCamK
1776.952938 0.000000 1230.520297
0.000000 1774.165024 774.485886
0.000000 0.000000 1.000000

#RightCamDist
-0.409121 1.886416 0.003527 -0.007476 0.0

#FMatrix
-0.000000004383 0.000000811820 -0.000603175603 
0.000000519044 -0.000000042544 -0.005001532122 
-0.000405887916 0.003693382478 1.000000000000 


#Rectify_L
0.004168911222 0.000472021034 -2.344100612037 
-0.000338972208 0.003739548288 0.314116246233 
-0.000000428733 0.000000038060 0.004128963537 


#Rectify_R
1.185007376769 0.005160119792 -193.410525811608 
0.134408180037 1.000594761816 -138.090753432419 
0.000180680525 0.000000786774 0.814378899977 


#LeftCamRT
1.0 0.0 0.0 0.0
0.0 1.0 0.0 0.0
0.0 0.0 1.0 0.0


#RightCamRT
0.865068 -0.006203 0.501616 -241.630962 
0.005256 0.999981 0.003301 -0.696452 
-0.501627 -0.000219 0.865084 67.219917 


