#LeftCamK
1767.732964 0.000000 1064.333905
0.000000 1763.410959 759.345875
0.000000 0.000000 1.000000


#LeftCamDist
-0.022658 0.115159 -0.000799 -0.000183 0.0

#RightCamK
1769.195258 0.000000 1093.536679
0.000000 1764.986930 773.580466
0.000000 0.000000 1.000000

#RightCamDist
-0.035311 -0.123474 -0.000179 0.000868 0.0

#FMatrix
-0.000000026801 -0.000000222446 0.000189169186 
-0.000000074146 0.000000019286 -0.000664756472 
0.000006036285 -0.000506863661 1.000000000000 


#Rectify_L
-0.000405471835 0.000029789768 0.929881692771 
-0.000015233236 -0.000535257576 0.872815867382 
0.000000055089 -0.000000008612 0.000483197597 


#Rectify_R
1.316429963179 -0.044694982426 -289.698535792721 
0.271686475765 0.991351984776 -271.565275491677 
0.000309575999 -0.000010510619 0.691066332441 


#LeftCamRT
1.0 0.0 0.0 0.0
0.0 1.0 0.0 0.0
0.0 0.0 1.0 0.0


#RightCamRT
-0.763510 0.045214 0.644212 -234.704324 
-0.084481 -0.995967 -0.030224 23.362677 
0.640247 -0.077500 0.764250 85.730218 


