mtx1:
[2331.3689, 0, 538.2323;
 0, 2326.0718, 464.2579;
 0, 0, 1]
mtx2:
[2334.3313, 0, 737.99023;
 0, 2328.7227, 567.47589;
 0, 0, 1]
project1
[2331.3689, 0, 538.2323, 0;
 0, 2326.0718, 464.2579, 0;
 0, 0, 1, 0]
project2
[1234.9583, 5.7794781, 2113.9023, -527802.25;
 -333.6243, 2341.8374, 386.61594, 50713.676;
 -0.671004, 0.024387, 0.74105197, 97.914513]
dist1
[-0.25730601;
 3.2423241;
 -0.001684;
 -0.0087430002;
 0]
dist2
[-0.210541;
 -1.850921;
 0.0065779998;
 -0.0016;
 0]
RT1
[1, 0, 0, 0;
 0, 1, 0, 0;
 0, 0, 1, 0]
RT1
[0.74117702, -0.0052339998, 0.67128998, -257.05957;
 0.020249, 0.99968898, -0.014563, -2.0828791;
 -0.671004, 0.024387, 0.74105197, 97.914513]
